0.310542996445
0.318814810709
0.466608233283
0.492004877746
0.47555076773
0.501031254642
0.48941540429
0.491254048661
0.495938688321
0.491346388883
0.494210716723
0.493907954963
0.493175088738
0.494218533896
0.493680095779
0.493827720652
0.493999277994
0.493815668318
0.493951804657
0.49392381098
0.493907222817
0.493944566092
0.49391139248
0.493938526388
0.493902835283
0.493910871956
0.493927718391
0.493800931489
0.493947034007
0.493775351028
0.493629028964
0.49405016941
0.493086100866
0.49363622037
0.493580021418
0.490080188827
0.489126097722
0.486901005526
0.485882686442
0.484488522251
0.486040279134
0.483750559545
0.484612051963
0.494352002011
0.502135615791
0.509648335759
0.545309400314
0.557164248926
0.579527683906
0.591848856107
0.627280915038
0.630622446468
0.604992303213
0.575501189648
0.473614590381
0.455189557149
0.37549083397
0.315865645517
0.451551667256
0.405707588683
0.514910224394
0.805657972726
0.866797511565
1.12454081754
1.23091966043
1.33443314814
1.45426669993
1.45772866129
1.5316501708
1.53095403788
1.5498405379
1.58824822036
1.56802130887
1.61208895797
1.60265186926
1.59500676378
1.61221899269
1.5575196015
1.57517250764
1.54242504847
1.44923349363
1.43544947314
1.29335675768
1.21397286256
1.0990318502
0.908859406876
0.86433173941
0.678462642883
0.663058588931
0.649162261685
0.594921643503
0.593276742353
0.56253908853
0.545107334266
0.440368724935
0.416371886766
0.440490034889
0.402599753436
0.430689335033
0.384056792845
0.354758141435
0.352301630877
0.279550239315
0.30136167445
0.435670703682
0.46493103851
0.557348558206
0.662753610645
0.705833066292
0.729990258464
0.759821487098
0.764536043067
0.761916595431
0.739311254372
0.700571589404
0.668137384689
0.6634021543
0.626539151877
0.622988678224
0.616863723497
0.601046900118
0.61585264347
0.609264668136
0.616543103453
0.6029080587
0.582372070364
0.583492630366
0.540672128439
0.55498799801
0.569461089857
0.591561133391
0.59874933683
0.607889090046
0.610762722471
0.612099735572
0.615652391383
0.622493786296
0.624512450401
0.633300187352
0.638850034494
0.644045332014
0.656920118723
0.660842453875
0.665730296461
0.671105358399
0.667622780519
0.668689909128
0.665531082258
0.66431749062
0.658178174493
0.655968321222
0.647561440438
0.667388732929
0.658534034186
0.699865597752
0.697554041601
0.691251024943
0.708762084265
0.692308472813
0.693703419462
0.705243323362
0.698508329674
0.705052797248
0.706250491098
0.690320016643
0.694768995402
0.678903195511
0.653183797434
0.682798399181
0.68409001081
0.654058310674
0.666064353231
0.627025437305
0.638517365087
0.626295088433
0.596870493576
0.610700825025
0.549263118508
0.568576999132
0.446922024238
0.239302935228
0.144179143723
-0.0340290690889
-0.043963105355
-0.0323780547498
-0.03752256591
0.119844858603
0.161307194474
0.173888740694
0.256076035226
0.255586746231
0.315564452243
0.341095545943
0.355668791751
0.37016751344
0.388455769925
0.392535503712
0.413025395155
0.415476309022
0.429615853456
0.444435633771
0.446063219593
0.465328059431
0.472717930512
0.479713126585
0.504256640271
0.508160825509
0.535822982701
0.572029906065
0.603167797383
0.647981739693
0.686585927444
0.728577669882
0.773126877596
0.818991396365
0.867044154966
0.911715849259
0.960147253852
1.00701298567
1.04857121874
1.09990620473
1.13443710223
1.12711025216
1.14280446043
1.11355655736
1.07482554298
0.936291785091
0.93931962643
0.751656862777
0.695400389642
0.631736035724
0.310540468992
0.266973988944
0.169674843869
0.0768276228602
0.214945604829
0.144503799239
0.224683441984
0.390364263367
0.425572134377
0.528683675083
0.59992992867
0.632270197023
0.672197782618
0.719512420861
0.735170280606
0.778096150457
0.797511836701
0.815331225083
0.860257697225
0.915898659869
0.962010818797
0.952101260504
0.939838614908
0.932048473763
0.901565521284
0.87824856998
0.851231472057
0.796945217407
0.790185739306
0.772858788987
0.680342226706
0.559370069728
0.521197271646
0.554180448302
0.36672638909
0.419712893845
0.426043512623
0.506678156913
0.635240506414
0.632949158803
0.673356251431
0.693503213912
0.656876191842
0.679010059213
0.597245212174
0.524285355543
0.47170329115
0.395887483941
0.362526798636
0.321872287208
0.296515815112
0.287640974932
0.266067525509
0.259811208938
0.251338988447
0.244809983323
0.247212258786
0.244227731427
0.248180427493
0.244348745296
0.241571433349
0.23716073167
0.229069384385
0.231609346497
0.225884069981
0.234589313679
0.231044083062
0.22443339409
0.22308200534
0.201073994639
0.210041094104
0.199394123911
0.1927759064
0.203016954273
0.18927955517
0.200443044108
0.208332900007
0.2096134305
0.246630700445
0.253546402381
0.292098195258
0.329486799547
0.408277583448
0.503159765293
0.536672776889
0.657353419338
0.669562575999
0.65357030004
0.699328924568
0.675399497174
0.68246678086
0.700821067169
0.691049651014
0.702731870214
0.703681914348
0.688879262062
0.695092159478
0.678513543746
0.656581412858
0.683718095607
0.688789899861
0.662345166578
0.670302647758
0.648475140496
0.650865248659
0.648464764414
0.640840946778
0.628839368854
0.629181874278
0.633612507537
0.627293566178
0.57662806724
0.476116228593
0.364231393676
0.319174800505
0.2866490523
0.283464812666
0.318790409447
0.3318140831
0.353525077142
0.383239669523
0.3399134801
0.333664661227
0.310319100206
0.298390869652
0.274640418586
0.251412405691
0.250175628061
0.229300245297
0.238689555119
0.239558734931
0.24085914774
0.270995750714
0.28146827304
0.339993418672
0.387011236745
0.443439483587
0.567655395287
0.695621035856
0.752834499137
0.830723032032
0.826157916006
0.851197828605
0.860813434965
0.820356278148
0.825388669846
0.762277986315
0.707506294299
0.689193679237
0.562673044773
0.495187151619
0.350372998532
0.173282680791
0.0871911245759
0.0298536992444
-0.0579136086965
-0.069015904097
-0.083238381549
-0.101424237789
-0.101149117567
-0.0965898117686
-0.0941080867296
-0.0825435612748
-0.0247583961609
0.0282283157959
0.160001240258
0.21778239465
0.270655787027
0.35943943978
0.378860955985
0.457715592225
0.407415934199
0.240754635544
0.219559266472
0.0805649395537
0.144460219032
0.346485118772
0.473048990447
0.558070988133
0.65109706401
0.708885295281
0.731370708847
0.751237051396
0.760065329693
0.773095753501
0.776202160826
0.78180894332
0.797073718148
0.807709807108
0.849213107106
0.875052923179
0.872784246615
0.889697275037
0.874489724011
0.874818682687
0.867051993273
0.849704923036
0.845052227805
0.815627533448
0.798656501172
0.789944990771
0.759662167546
0.754125945585
0.732084703088
0.708449055445
0.690699437592
0.652227189133
0.650452153057
0.625590196383
0.579546016005
0.577123777343
0.555093763944
0.526413267246
0.529783189754
0.513469797853
0.436469094242
0.410451989682
0.291380363017
0.249410095055
0.178945123504
0.146366433683
0.197838497289
0.221943591102
0.246132719044
0.253066771116
0.265807219947
0.274743082264
0.289697775575
0.29326749565
0.308297435486
0.307634295994
0.312558109055
0.317314578683
0.316475177977
0.321591283866
0.322051933383
0.323021812922
0.330633344176
0.33171972968
0.338053100113
0.340809712006
0.344241230929
0.348237584842
0.350820898744
0.35750703504
0.360086007555
0.36864076074
0.379713474772
0.38361657535
0.413114578382
0.434321044644
0.448234271622
0.4816087774
0.482497722727
0.488182323422
0.496445330139
0.495730432964
0.499615588492
0.50109730334
0.501382378567
0.502823607803
0.503000422826
0.503249533955
0.503522633741
0.503580003647
0.503141062442
0.503253104599
0.502799092853
0.501202461185
0.50212424711
0.498620605557
0.496729094991
0.498156007937
0.484650116853
0.489725691237
0.479757900983
0.449050444241
0.47923377275
0.401025271692
0.381908964623
0.402937109166
0.426239213405
