0
0
0
0
0
0
0
0
0
0
0
0
0
0
0
0
0
0
0
0
0
0
0
0
0
0
0
0
0
0
0
0
0
0
0
0
0
0
0
0
0
0
0
0
0
0
0
0
0
0
0
0
0
0
0
0
0
0
0
0
0
0
0
0
0
144.091
138.318
138.101
138.245
137.635
137.729
137.213
136.956
136.69
135.916
136.044
135.185
135.524
134.627
133.785
133.265
115.678
116.251
106.812
101.541
103.753
97.47
0
0
0
0
0
0
0
0
0
0
0
0
0
0
0
0
0
126.627
127.288
119.658
117.037
114.369
112.546
108.448
105.419
103.565
101.046
99.3574
98.1818
95.983
94.0665
93.0782
91.3003
91.0784
92.4414
91.9918
94.7027
97.6803
100.224
107.271
111.36
112.36
113.651
114.751
115.411
116.646
117.52
118.434
119.42
119.896
119.828
120.148
119.643
119.297
118.905
117.694
117
115.53
114.485
112.885
110.776
104.729
104.974
96.988
0
0
0
0
0
0
0
0
0
0
0
0
0
0
0
0
0
0
0
0
0
0
0
0
0
0
0
0
0
0
0
0
0
0
0
0
0
0
0
0
0
0
124.176
123.672
119.89
118.83
117.604
116.42
116.028
114.958
114.122
113.587
112.402
111.626
110.941
109.449
109.093
108.307
107.994
107.545
106.985
106.785
106.216
105.873
105.332
104.667
104.34
103.549
102.819
102.085
99.4516
98.4223
96.8383
94.1307
93.3889
0
0
0
0
0
0
0
0
0
0
0
0
0
0
0
123.06
119.731
109.496
108.028
104.208
102.605
100.63
99.4315
99.3499
98.8374
99.0299
98.0244
97.5698
96.882
95.5186
94.8733
92.5646
91.0014
89.3611
87.9106
89.1332
92.9583
96.5297
0
0
114.267
113.982
113.974
110.462
107.717
104.277
104.056
100.457
98.3697
97.6311
97.2879
96.7009
96.5794
96.0069
95.6285
95.5854
95.2135
95.7362
96.0664
96.234
97.2262
98.0558
99.1334
100.487
101.294
102.378
102.99
103.405
103.928
103.992
104.04
104.267
104.019
103.948
103.581
102.917
102.663
102.288
101.935
101.705
101.057
100.147
99.7102
98.4479
98.1724
97.6209
97.4227
97.2573
96.9657
96.9417
96.7518
96.6252
96.604
96.3885
96.3579
96.2196
95.9486
95.8435
94.3093
94.0827
93.9023
92.5262
0
0
0
0
0
0
0
0
0
0
0
0
0
0
0
0
0
0
0
0
0
0
0
0
0
0
0
0
0
0
0
0
0
0
0
0
0
0
0
0
0
0
0
0
0
116.846
109.715
106.149
104.75
100.643
100.08
99.0812
98.03
97.4525
96.3667
95.3776
94.7487
93.5561
93.0638
92.5452
91.8392
91.4955
90.9543
90.5051
90.1219
89.6757
89.2897
88.8991
88.5774
88.328
95.0412
99.3257
99.8357
100.302
99.5695
99.982
99.3611
98.6549
98.3569
96.6352
96.1266
94.8363
93.0394
92.2288
89.7091
88.2664
0
0
0
0
0
0
0
0
0
0
0
0
0
0
0
0
0
0
0
0
0
0
0
0
0
0
0
0
0
0
0
111.058
101.745
98.574
93.1167
89.0781
88.6809
85.332
85.8009
84.4405
83.4437
83.8509
83.814
83.4164
83.2404
82.7716
82.4486
82.0933
81.6292
81.3443
80.7711
80.3503
79.264
79.4163
78.3265
78.1592
79.0414
78.51
79.0262
0
0
0
0
0
0
0
0
0
0
0
0
0
0
0
0
0
0
0
0
0
0
0
0
0
0
0
0
0
0
0
0
0
0
0
0
0
0
0
0
0
0
0
0
0
0
0
0
0
0
0
0
0
0
0
0
0
0
0
0
0
0
0
0
0
0
0
0
0
0
0
0
0
0
0
0
0
0
