0
0
0
0
0
0
0
0
0
0
0
0
0
0
0
0
0
0
0
0
0
0
0
0
0
0
0
0
0
0
0
0
0
0
0
0
0
0
0
0
0
0
0
0
135.67
136.386
133.685
136.27
133.663
133.02
133.552
110.898
114.573
109.22
101.52
102.176
0
0
0
0
0
0
0
0
0
0
0
0
0
0
0
0
0
0
0
125.198
126.215
118.004
114.711
113.16
109.598
105.913
104.951
101.994
100.521
100.088
96.9361
96.2188
94.6468
91.7806
91.6425
89.4697
89.0403
90.1634
88.9282
90.3294
90.9696
92.6938
95.5134
96.1575
99.735
104.897
109.27
110.997
113.894
115.038
115.953
116.124
117.796
117.728
118.625
119.508
118.278
119.157
118.206
117.006
117.203
114.621
113.306
111.537
105.816
99.5803
0
0
0
0
0
0
0
0
0
0
0
0
0
0
0
0
0
0
0
0
0
0
0
0
0
0
0
0
0
0
0
0
0
0
0
0
0
0
0
0
0
0
0
0
0
0
0
0
0
0
123.899
123.261
119.287
118.426
116.855
115.891
115.442
114.087
113.652
112.636
111.532
111.057
109.515
109.002
108.398
107.969
107.488
107.087
106.662
106.244
105.908
105.104
104.804
104.083
103.203
102.578
99.8893
98.7519
97.3216
94.5631
93.8513
90.9086
0
0
0
0
0
0
0
0
0
0
0
0
0
0
0
0
0
0
0
124.686
124.583
121.541
114.08
109.999
108.493
104.403
103.819
102.727
100.785
99.7117
99.653
98.4406
98.6264
98.2588
98.0649
97.6289
96.696
95.9616
94.8293
92.6944
91.3047
89.3218
88.1012
89.2306
92.9634
96.6204
0
117.196
116.593
116.922
116.543
111.303
109.414
108.841
106.578
106.245
103.96
102.517
101.448
98.8544
98.2705
96.1825
95.071
95.2738
93.9565
94.5194
93.8564
96.8995
96.7789
96.7897
96.0608
96.1933
95.9305
95.7884
96.9043
96.8521
98.0589
99.266
100.362
101.933
102.671
103.905
104.267
104.649
105.04
104.84
105.088
104.974
104.699
104.793
104.205
103.7
103.479
102.532
101.471
100.421
98.618
98.0037
96.9247
0
0
0
0
0
0
0
0
0
0
0
0
0
0
0
0
0
0
0
0
0
0
0
0
0
0
0
0
0
0
0
0
0
0
0
0
0
0
0
0
0
0
0
0
0
0
0
0
117.676
115.744
109.303
108.817
107.423
106.719
106.053
105.085
104.476
102.798
102.837
101.665
101.773
101.221
100.201
99.8086
98.1185
97.2347
96.0493
94.1065
92.8348
90.4545
89.2653
0
0
0
0
0
0
0
0
0
0
0
0
0
0
0
0
0
0
0
0
0
0
0
0
0
0
0
0
0
0
0
0
0
0
0
0
0
99.6628
97.419
89.308
88.5182
86.6368
84.9251
84.7894
83.795
83.7147
83.1714
82.888
82.4966
82.0023
81.7514
81.1139
80.7259
79.4494
79.3011
79.7856
79.7511
79.2929
0
0
0
0
0
0
0
0
0
0
0
0
0
0
0
0
0
0
0
0
0
0
0
0
0
0
0
0
0
0
0
0
0
0
0
0
0
0
0
0
0
0
0
0
0
0
0
0
0
0
0
0
0
0
0
0
0
0
0
0
0
0
0
0
0
0
0
0
0
0
0
0
0
0
0
0
0
0
0
0
0
0
0
0
0
0
0
0
0
0
0
0
0
0
0
0
0
0
0
0
0
0
0
0
0
0
0
0
0
0
0
0
0
0
0
0
