0
0
0
0
0
0
0
0
0
0
0
0
0
0
0
0
0
0
0
0
0
0
0
0
0
0
0
0
0
0
0
0
0
0
0
0
0
0
0
0
0
0
0
134.641
124.592
124.151
124.766
124.119
124.809
124.463
124.326
123.879
123.722
123.086
122.885
122.464
122.157
121.966
121.38
121.13
119.251
117.644
115.706
112.963
111.691
110.615
109.09
0
0
0
0
0
0
0
0
0
0
0
0
0
128.938
121.38
121.296
115.814
110.669
107.35
106.821
105.802
105.732
104.871
104.042
103.892
102.727
102.093
101.765
101.139
101.446
101.532
102.04
103.613
103.655
105.001
105.773
105.822
107.2
106.411
106.874
106.651
105.331
105.72
105.075
105.483
104.846
104.46
104.488
103.565
103.513
103.001
102.146
102.547
101.541
101.179
100.928
98.4738
98.2582
96.6785
94.9524
96.4048
94.9677
95.9631
96.2811
95.9825
97.5375
97.9247
99.3022
99.7202
0
0
0
0
0
0
0
0
0
0
117.629
126.549
113.487
118.797
118.223
116.704
116.894
116.456
116.391
116.373
116.003
116.163
115.929
115.782
115.962
115.67
115.889
115.59
115.385
114.959
114.475
114.275
113.645
113.523
113.131
112.472
112.383
111.08
110.438
109.576
104.163
104.07
103.755
103.6
103.588
103.348
103.339
103.224
103.076
103.078
102.9
102.853
102.795
103.705
104.516
104.735
106.206
107.67
107.67
111.581
111.531
111.374
111.327
111.207
111.129
111.043
110.957
110.889
110.765
110.704
110.656
110.362
110.513
110.321
109.85
109.638
108.299
107.907
107.016
106.017
105.596
104.341
103.563
98.3714
98.2088
96.1341
94.1326
95.2673
93.7017
94.1816
93.8948
92.5925
91.933
91.5679
0
0
0
0
0
0
0
0
0
0
0
0
0
0
0
0
0
0
0
0
106.719
107.078
106.782
106.934
108.534
107.637
111.78
111.192
110.913
110.41
110.291
109.855
109.38
108.533
108.275
107.428
106.844
106.343
105.253
104.863
104.665
104.573
104.094
103.75
102.706
101.43
101.214
101.106
100.96
100.438
100.2
99.8754
99.5174
99.3059
98.9676
98.7258
98.4668
98.1803
97.9688
97.6677
97.4487
97.1637
96.8151
96.4582
95.8325
95.2993
94.6406
94.0055
93.9782
94.4787
94.7377
94.7483
94.7931
94.9948
94.9396
95.154
95.2988
95.486
95.9174
96.1152
96.6573
97.1055
98.0099
98.9628
99.2432
99.3766
99.8785
99.7198
99.7103
99.5943
99.1706
99.0469
98.6443
98.1849
97.6746
97.0802
96.6391
96.153
95.6148
95.2255
94.5796
94.1274
93.5452
92.6875
92.0432
90.2848
89.7981
88.164
87.1768
86.8768
0
0
0
0
0
0
0
0
0
0
0
0
0
0
0
0
0
0
0
0
0
0
0
0
0
0
0
0
0
0
0
0
0
0
0
0
0
0
0
0
0
0
0
0
0
0
0
0
0
0
0
0
0
0
0
0
0
0
0
0
0
0
0
0
0
0
0
0
0
0
0
0
0
0
0
0
0
0
0
0
