0
0
0
0
0
0
0
0
0
0
0
0
0
0
0
0
0
0
0
0
0
0
0
0
0
0
0
0
0
0
0
0
0
0
0
0
0
0
0
0
0
0
0
0
0
0
0
0
0
0
0
0
0
0
0
0
0
0
0
0
0
0
0
0
0
1.440913e+02
1.383177e+02
1.381010e+02
1.382452e+02
1.376351e+02
1.377288e+02
1.372125e+02
1.369555e+02
1.366905e+02
1.359158e+02
1.360439e+02
1.351847e+02
1.355243e+02
1.346273e+02
1.337847e+02
1.332647e+02
1.156783e+02
1.162513e+02
1.068119e+02
1.015406e+02
1.037528e+02
9.747004e+01
0
0
0
0
0
0
0
0
0
0
0
0
0
0
0
0
0
1.266267e+02
1.272881e+02
1.196577e+02
1.170369e+02
1.143689e+02
1.125455e+02
1.084484e+02
1.054191e+02
1.035648e+02
1.010456e+02
9.935736e+01
9.818182e+01
9.598300e+01
9.406654e+01
9.307819e+01
9.130033e+01
9.107835e+01
9.244137e+01
9.199178e+01
9.470267e+01
9.768034e+01
1.002244e+02
1.072715e+02
1.113600e+02
1.123600e+02
1.136510e+02
1.147514e+02
1.154111e+02
1.166461e+02
1.175204e+02
1.184343e+02
1.194201e+02
1.198960e+02
1.198280e+02
1.201481e+02
1.196428e+02
1.192971e+02
1.189047e+02
1.176937e+02
1.169998e+02
1.155295e+02
1.144846e+02
1.128854e+02
1.107760e+02
1.047292e+02
1.049745e+02
9.698798e+01
0
0
0
0
0
0
0
0
0
0
0
0
0
0
0
0
0
0
0
0
0
0
0
0
0
0
0
0
0
0
0
0
0
0
0
0
0
0
0
0
0
0
1.241759e+02
1.236716e+02
1.198895e+02
1.188303e+02
1.176040e+02
1.164196e+02
1.160276e+02
1.149578e+02
1.141223e+02
1.135868e+02
1.124019e+02
1.116263e+02
1.109409e+02
1.094490e+02
1.090935e+02
1.083075e+02
1.079941e+02
1.075449e+02
1.069852e+02
1.067850e+02
1.062158e+02
1.058728e+02
1.053321e+02
1.046669e+02
1.043404e+02
1.035490e+02
1.028192e+02
1.020852e+02
9.945162e+01
9.842226e+01
9.683833e+01
9.413070e+01
9.338889e+01
0
0
0
0
0
0
0
0
0
0
0
0
0
0
0
1.230599e+02
1.197314e+02
1.094965e+02
1.080282e+02
1.042080e+02
1.026046e+02
1.006304e+02
9.943146e+01
9.934986e+01
9.883739e+01
9.902990e+01
9.802442e+01
9.756982e+01
9.688202e+01
9.551855e+01
9.487334e+01
9.256456e+01
9.100143e+01
8.936105e+01
8.791056e+01
8.913322e+01
9.295834e+01
9.652975e+01
0
0
1.142669e+02
1.139823e+02
1.139743e+02
1.104616e+02
1.077172e+02
1.042771e+02
1.040561e+02
1.004574e+02
9.836973e+01
9.763113e+01
9.728791e+01
9.670087e+01
9.657944e+01
9.600685e+01
9.562854e+01
9.558541e+01
9.521346e+01
9.573621e+01
9.606637e+01
9.623396e+01
9.722617e+01
9.805579e+01
9.913337e+01
1.004875e+02
1.012944e+02
1.023784e+02
1.029904e+02
1.034052e+02
1.039278e+02
1.039921e+02
1.040404e+02
1.042668e+02
1.040194e+02
1.039480e+02
1.035808e+02
1.029171e+02
1.026633e+02
1.022878e+02
1.019348e+02
1.017052e+02
1.010572e+02
1.001474e+02
9.971018e+01
9.844786e+01
9.817237e+01
9.762090e+01
9.742268e+01
9.725730e+01
9.696571e+01
9.694167e+01
9.675180e+01
9.662523e+01
9.660400e+01
9.638849e+01
9.635786e+01
9.621957e+01
9.594859e+01
9.584348e+01
9.430927e+01
9.408272e+01
9.390234e+01
9.252616e+01
0
0
0
0
0
0
0
0
0
0
0
0
0
0
0
0
0
0
0
0
0
0
0
0
0
0
0
0
0
0
0
0
0
0
0
0
0
0
0
0
0
0
0
0
0
1.168464e+02
1.097146e+02
1.061495e+02
1.047495e+02
1.006431e+02
1.000800e+02
9.908124e+01
9.802996e+01
9.745245e+01
9.636669e+01
9.537765e+01
9.474871e+01
9.355610e+01
9.306378e+01
9.254520e+01
9.183921e+01
9.149548e+01
9.095426e+01
9.050512e+01
9.012187e+01
8.967566e+01
8.928967e+01
8.889907e+01
8.857740e+01
8.832805e+01
9.504116e+01
9.932568e+01
9.983567e+01
1.003021e+02
9.956946e+01
9.998199e+01
9.936114e+01
9.865488e+01
9.835686e+01
9.663518e+01
9.612663e+01
9.483629e+01
9.303941e+01
9.222875e+01
8.970911e+01
8.826636e+01
0
0
0
0
0
0
0
0
0
0
0
0
0
0
0
0
0
0
0
0
0
0
0
0
0
0
0
0
0
0
0
1.110584e+02
1.017451e+02
9.857401e+01
9.311673e+01
8.907807e+01
8.868092e+01
8.533199e+01
8.580092e+01
8.444048e+01
8.344375e+01
8.385085e+01
8.381405e+01
8.341640e+01
8.324036e+01
8.277161e+01
8.244862e+01
8.209327e+01
8.162915e+01
8.134434e+01
8.077106e+01
8.035034e+01
7.926398e+01
7.941626e+01
7.832648e+01
7.815922e+01
7.904136e+01
7.851002e+01
7.902622e+01
0
0
0
0
0
0
0
0
0
0
0
0
0
0
0
0
0
0
0
0
0
0
0
0
0
0
0
0
0
0
0
0
0
0
0
0
0
0
0
0
0
0
0
0
0
0
0
0
0
0
0
0
0
0
0
0
0
0
0
0
0
0
0
0
0
0
0
0
0
0
0
0
0
0
0
